375
14
124
124
124
124
124
124
124
12

14
124
124
124
124
124
124
124
12

14
124
124
12

134
1234
1234
1234
1234
1234
1234
1234
123

134
1234
1234
1234
1234
1234
1234
1234
123

134
1234
1234
123

134
1234
1234
1234
1234
1234
1234
1234
123

134
1234
1234
1234
1234
1234
1234
1234
123

134
1234
1234
123

134
1234
1234
1234
1234
1234
1234
1234
123

134
1234
1234
1234
1234
1234
1234
1234
1234
124
1234
1234
1234
123

134
1234
1234
1234
1234
1234
1234
1234
123

134
1234
1234
1234
1234
1234
1234
1234
1234
1234
1234
1234
1234
123

134
1234
1234
1234
1234
1234
1234
1234
123

134
1234
1234
1234
1234
1234
1234
1234
1234
234
1234
1234
1234
123

134
1234
1234
1234
1234
1234
1234
1234
123

134
1234
1234
1234
1234
1234
1234
1234
123

134
1234
1234
123

134
1234
1234
1234
1234
1234
1234
1234
123

134
1234
1234
1234
1234
1234
1234
1234
123

134
1234
1234
123

34
234
234
1234
1234
1234
234
234
23

34
234
234
234
234
234
234
234
23

134
1234
1234
123




134
1234
123














134
1234
1234
123

14
124
124
1234
1234
1234
124
124
124
124
124
124
124
124
124
124
124
124
124
124
1234
1234
1234
123

134
1234
1234
1234
1234
1234
1234
1234
1234
1234
1234
1234
1234
1234
1234
1234
1234
1234
1234
1234
1234
1234
1234
123

134
1234
1234
1234
1234
1234
1234
1234
1234
1234
1234
1234
1234
1234
1234
1234
1234
1234
1234
1234
1234
1234
1234
123

34
234
234
234
234
234
234
234
234
234
234
234
234
234
234
234
234
234
234
234
234
234
234
23


























